11
6
0 1 12
0 2 10
1 2 8
1 3 10
2 1 4
2 4 15
3 2 9
3 5 21
4 3 7
4 5 6
-1
4
0 1 2
0 2 4
1 2 3
2 3 5
1 3 1
-1
10
0 1 25
0 2 12
0 3 3
0 5 16
1 2 3
1 4 18
1 5 13
2 1 5
2 3 6
2 4 2
2 9 7
3 0 5
4 6 4
4 8 29
4 9 30
5 4 19
5 6 20
6 7 10
6 9 19
7 9 13
8 7 9
8 9 10
9 2 21
9 6 7
-1
7
0 1 6
0 2 8
0 3 11
0 4 7
0 6 4
1 0 14
1 2 11
1 3 17
1 5 18
1 6 4
2 0 30
2 3 6
2 5 7
2 6 23
3 0 8
3 1 9
3 2 20
3 4 6
3 5 15
3 6 18
4 0 18
4 3 36
4 5 6
5 1 27
5 2 28
5 3 8
5 6 7
6 0 11
6 1 22
6 2 12
6 3 11
6 5 26
-1
51
10	27	19
7	24	44
9	3	32
1	2	16
14	22	56
30	18	33
12	19	4
48	19	6
25	21	80
14	11	90
34	41	21
2	7	41
0	50	16
48	2	83
3	18	12
11	19	47
5	35	13
25	42	48
32	3	81
32	4	95
14	22	48
17	27	80
16	35	13
15	27	79
39	20	91
27	14	6
41	16	39
17	31	57
31	45	30
29	14	13
17	40	31
19	9	66
47	9	35
35	6	16
8	41	34
28	35	55
7	14	9
23	12	36
1	33	40
50	25	28
37	29	95
9	4	17
20	24	9
16	17	14
46	14	83
7	21	87
3	5	55
41	16	40
34	47	29
45	32	70
26	22	44
28	23	72
32	16	86
24	49	14
5	31	38
0	39	10
28	19	88
22	8	9
50	26	57
14	30	99
25	0	78
37	6	49
7	27	17
6	11	59
28	47	61
10	42	94
34	35	58
18	46	74
46	0	58
29	25	14
12	44	12
30	5	82
24	48	64
43	39	30
10	49	11
38	25	24
45	31	1
36	49	47
1	39	29
4	11	93
27	29	79
35	29	9
25	7	99
37	2	30
28	12	69
44	46	34
47	10	76
16	34	89
25	6	46
48	39	77
50	28	13
5	33	38
8	20	35
0	1	43
23	44	98
12	33	21
42	30	64
26	23	24
43	34	27
31	14	28
42	3	37
12	9	60
32	41	63
40	9	80
16	28	51
14	20	87
42	33	23
41	48	64
41	22	61
44	49	10
26	8	59
4	38	32
30	29	17
5	2	47
18	9	55
16	5	32
11	15	40
21	38	5
40	6	92
8	9	4
31	21	85
3	1	21
22	7	97
34	16	5
24	30	97
5	6	47
31	32	3
24	35	62
23	32	37
40	28	48
43	19	46
15	25	65
33	35	4
16	41	59
31	20	17
0	21	16
6	15	24
6	47	7
43	38	63
50	35	51
35	50	80
9	15	46
24	11	88
18	34	85
4	45	51
6	19	1
33	1	87
35	15	66
8	12	100
11	29	51
45	25	66
40	42	88
3	4	30
22	12	87
21	34	35
11	19	29
42	2	53
47	16	13
2	42	47
14	35	37
17	7	43
0	28	4
45	2	41
10	20	11
6	14	74
23	18	94
22	47	86
12	29	88
39	28	20
44	35	68
33	18	69
20	2	29
6	34	53
23	13	3
13	18	15
6	23	49
33	9	36
30	28	49
36	13	68
24	40	27
38	41	11
16	47	8
50	36	33
28	8	98
26	8	15
33	47	88
12	5	3
22	32	93
6	34	92
0	46	74
21	19	72
6	24	47
22	10	59
25	29	1
0	1	35
47	0	81
39	0	77
30	9	31
27	34	81
46	4	84
43	48	46
43	20	2
16	5	76
33	6	26
41	46	64
31	9	100
19	50	78
20	32	3
29	38	1
31	3	60
43	27	75
15	0	86
27	19	79
28	31	8
42	25	40
23	3	27
26	5	14
36	16	67
8	32	66
11	17	85
10	39	56
3	29	29
33	10	53
47	26	93
2	10	88
30	35	10
30	23	11
49	16	55
1	20	70
16	49	93
6	33	92
9	14	37
2	7	20
47	5	31
49	22	24
18	10	45
24	25	9
22	28	53
12	2	89
32	6	14
48	38	65
7	45	6
24	49	91
46	25	31
36	16	87
28	36	79
9	40	53
13	6	8
4	21	19
26	50	90
8	47	47
6	11	94
27	39	64
29	36	52
11	49	72
34	14	4
36	12	54
39	22	71
41	45	4
16	49	71
20	19	78
17	44	98
9	2	35
50	27	82
46	37	11
42	40	43
28	24	31
50	18	15
19	49	65
28	43	99
24	7	3
42	22	84
28	45	65
38	16	30
26	4	53
37	38	3
35	4	92
50	33	12
14	40	78
49	18	35
22	19	53
41	17	64
32	21	46
46	5	26
27	48	52
15	46	99
25	13	61
23	50	16
37	20	19
32	37	60
1	45	98
33	30	14
24	0	26
32	26	91
49	37	25
11	10	32
20	13	31
20	41	31
35	18	80
17	12	99
2	14	9
13	5	27
37	40	20
35	33	76
10	44	14
34	17	24
18	30	37
12	18	94
39	30	52
37	28	28
18	25	9
40	35	80
47	49	10
38	17	7
45	50	43
6	33	24
6	28	66
38	29	57
37	49	18
36	50	27
32	6	57
25	36	9
29	1	90
30	2	57
50	2	91
9	23	34
22	48	88
24	16	60
9	26	30
3	7	15
47	26	19
32	0	49
7	27	10
24	33	26
6	9	49
16	50	73
21	19	29
25	11	56
43	48	98
17	27	52
50	46	33
10	34	46
33	4	60
46	42	44
34	9	17
20	50	82
22	14	10
40	7	17
26	1	47
41	21	63
18	6	21
3	27	36
8	24	67
4	13	98
26	48	92
2	10	47
17	31	9
34	7	97
2	23	29
0	19	15
33	3	30
17	46	17
15	31	19
41	25	76
5	26	99
32	38	35
10	12	89
27	1	3
14	41	21
45	41	55
24	3	42
16	29	11
43	10	83
15	31	63
5	12	24
48	13	30
49	42	61
35	50	30
23	43	7
48	6	81
11	39	48
29	2	22
30	1	33
22	43	14
14	21	14
15	11	68
14	4	71
28	16	83
15	6	74
4	1	12
41	10	94
2	3	88
50	35	82
34	20	96
48	15	78
41	30	40
39	45	20
20	44	99
27	18	99
50	3	71
6	44	46
7	50	33
7	49	61
42	5	46
25	48	80
3	38	2
21	50	52
27	20	92
46	6	97
20	37	47
19	40	4
22	38	34
16	22	82
40	34	68
12	35	40
11	8	24
27	29	22
26	5	11
47	24	97
34	46	91
29	27	91
4	38	58
45	32	14
32	7	66
11	22	26
37	47	72
13	24	11
20	25	86
14	37	53
33	5	6
3	24	79
31	24	48
48	5	4
38	39	7
29	23	90
48	26	27
24	36	2
50	4	3
16	18	22
41	6	41
47	1	31
10	34	97
2	17	31
26	40	30
5	23	31
12	42	73
36	23	48
31	48	31
47	8	38
1	17	27
34	39	91
49	48	35
26	27	55
2	28	55
20	5	79
47	49	73
43	49	93
41	27	1
36	46	6
28	23	48
20	19	31
39	13	53
46	0	97
5	8	4
27	24	24
12	28	30
31	16	49
34	5	93
25	37	40
48	18	70
49	31	65
9	20	92
13	45	77
37	43	98
14	18	22
4	17	16
15	13	15
13	10	62
22	16	40
47	46	34
26	0	3
18	35	43
27	29	79
46	17	91
46	5	21
24	18	98
8	48	92
0	43	72
38	50	45
19	30	66
50	5	62
33	14	71
8	12	75
22	45	63
49	31	68
5	11	55
18	47	83
0	36	20
33	9	74
40	5	11
-1
8
0 1 4
0 2 32
3 4 5
3 5 6
1 4 12
3 6 9
1 6 2
6 7 7
3 0 1
2 1 12
4 7 13
5 0 8
1 3 7
7 2 20
-1
16
13	4	35
6	1	6
5	15	31
1	7	31
15	13	9
14	11	21
0	7	6
11	0	24
6	4	4
15	12	24
4	9	6
12	2	1
5	12	27
4	13	8
2	11	35
11	0	19
9	6	29
6	5	18
10	6	29
7	1	30
15	4	0
7	8	5
7	9	26
12	6	5
0	5	20
7	1	24
1	15	6
12	9	27
3	6	31
12	2	28
1	2	5
6	5	2
1	2	13
3	1	1
14	6	29
4	5	32
7	8	27
15	10	27
4	14	24
14	7	27
2	9	11
3	6	35
6	8	0
2	11	19
10	8	2
5	8	27
6	8	17
3	8	21
9	6	2
8	5	14
-1
16
0	7	6
0	5	20
1	7	31
1	2	5
1	2	13
2	11	35
2	11	19
3	6	31
3	8	21
4	9	6
4	5	32
4	14	24
5	8	27
6	1	6
6	4	4
6	5	18
6	8	17
7	1	30
7	1	24
7	8	27
8	5	14
9	6	29
9	6	2
10	6	29
10	8	2
11	0	24
12	2	1
12	6	5
12	9	27
12	2	28
14	11	21
15	12	24
15	4	0
15	10	27
-1
8
0 2 7
0 4 11
1 0 8
1 3 15
2 1 4
2 3 9
3 7 4
4 1 18
4 2 12
4 3 6
4 6 8
5 3 12
5 4 13
5 7 17
6 5 10
7 4 7
7 6 8
-1
3
0 1 6
0 2 5
1 0 4
1 2 3
2 1 7
-1
10
0 1 16
0 2 11
1 0 4
1 2 5
2 1 11
2 3 12
3 1 2
3 5 20
3 7 13
4 6 3
5 4 2
5 6 8
6 4 8
7 3 6
8 3 17
8 7 18
8 9 6
9 3 4
-1